Generación 1
Values: [326.3605978923035, 281.0666211039851, 1483.742493754172]
Variances: [587.6605799667045, 262.83411741359646, 1493.4085335047212]
Fit: 248.89
-------------------------------------------------
Generación 2
Values: [887.54433800887, 487.1472760307872, 805.1109703904001]
Variances: [719.290795552882, 321.70638606315356, 1827.9174216704055]
Fit: 144.72
-------------------------------------------------
Generación 3
Values: [189.42460467272804, 134.73664150745628, 331.3020874598232]
Variances: [587.6605799667045, 262.83411741359646, 1493.4085335047212]
Fit: 144.72
-------------------------------------------------
