Generacion 1
Values: [2444.6238332870557, 6797.462425348445, 6609.224788906229, 383.2892158565179, 1386.5649411303027, 6970.180077265603, 5694.7740136956745, 7966.274100300922, 3857.8267299204176, 5607.156180653022, 921.3892524172793, 5194.290361178213]
Variances: [53.99969263459674, 60.79180101846671, 194.03995467150804, 128.46812064983857, 166.20579961006212, 144.07023359760817, 182.2759331457084, 44.98781064615005, 71.89224420423048, 45.527735279005995, 47.313211700709786, 194.98343650553593]
Fit: 1000.0
-----------------------------------------------------------------------
