Generacion 1
Values: [1796.5558273537363, 8974.265652207156, 7573.035072222661, 1946.1813127015441, 4248.548321983438, 4270.714436247379, 5798.124744933863, 3039.851265596336, 7512.787336447526, 1749.593655153127, 6897.866590618671, 1123.5879991528295]
Variances: [93.76150677612982, 73.72913647802208, 175.95361582786566, 61.73590076181614, 118.70374661210886, 12.575454111802497, 24.69239829411316, 128.38203263624786, 4.821396996185023, 39.46475465325783, 4.723906508677156, 108.01580771321287]
Fit: 267.94142857142856
-----------------------------------------------------------------------
Generacion 2
Values: [1796.5558273537363, 8974.265652207156, 7573.035072222661, 1946.1813127015441, 4248.548321983438, 4270.714436247379, 5798.124744933863, 3039.851265596336, 7512.787336447526, 1749.593655153127, 6897.866590618671, 1123.5879991528295]
Variances: [93.76150677612982, 73.72913647802208, 175.95361582786566, 61.73590076181614, 118.70374661210886, 12.575454111802497, 24.69239829411316, 128.38203263624786, 4.821396996185023, 39.46475465325783, 4.723906508677156, 108.01580771321287]
Fit: 267.94142857142856
-----------------------------------------------------------------------
Generacion 3
Values: [1934.3069070694933, 9045.396566100106, 7619.829561661566, 1880.8472485041284, 4118.909990327528, 4277.732812340281, 5769.363479579465, 2939.6735794100996, 7513.767311018706, 1750.177098342943, 6898.783061833035, 1469.3702350676256]
Variances: [93.76150677612982, 73.72913647802208, 175.95361582786566, 61.73590076181614, 118.70374661210886, 12.575454111802497, 24.69239829411316, 128.38203263624786, 4.821396996185023, 39.46475465325783, 4.723906508677156, 108.01580771321287]
Fit: 215.5842857142857
-----------------------------------------------------------------------
