Generacion 1
Values: [6518.3237612349885, 7563.336384398253, 1525.7201071901827, 3969.208960047958, 5712.545754399828, 4238.085702905202, 1945.67286170414, 6249.839394633158, 2704.1665179799606, 1255.6342876139965, 6922.875967380724, 4724.757143516118]
Variances: [183.20836474276385, 60.77804230395856, 166.95934829274114, 90.52703260293175, 46.337810820896294, 150.65597731538122, 132.3149485454207, 135.9934818091776, 108.80409133957085, 84.50615275047666, 23.974466424044415, 147.20891365193532]
Fit: 261.2714285714286
-----------------------------------------------------------------------
Generacion 2
Values: [6518.3237612349885, 7563.336384398253, 1525.7201071901827, 3969.208960047958, 5712.545754399828, 4238.085702905202, 1945.67286170414, 6249.839394633158, 2704.1665179799606, 1255.6342876139965, 6922.875967380724, 4724.757143516118]
Variances: [183.20836474276385, 60.77804230395856, 166.95934829274114, 90.52703260293175, 46.337810820896294, 150.65597731538122, 132.3149485454207, 135.9934818091776, 108.80409133957085, 84.50615275047666, 23.974466424044415, 147.20891365193532]
Fit: 261.2714285714286
-----------------------------------------------------------------------
Generacion 3
Values: [6518.3237612349885, 7563.336384398253, 1525.7201071901827, 3969.208960047958, 5712.545754399828, 4238.085702905202, 1945.67286170414, 6249.839394633158, 2704.1665179799606, 1255.6342876139965, 6922.875967380724, 4724.757143516118]
Variances: [183.20836474276385, 60.77804230395856, 166.95934829274114, 90.52703260293175, 46.337810820896294, 150.65597731538122, 132.3149485454207, 135.9934818091776, 108.80409133957085, 84.50615275047666, 23.974466424044415, 147.20891365193532]
Fit: 261.2714285714286
-----------------------------------------------------------------------
