Generacion 1
Values: [7550.252591681499, 5073.763946416474, 5064.747219065849, 801.914332101761, 287.7554271278797, 3839.034471314262, 4151.649851820778, 2172.141242535521, 2148.1628081629715, 2753.7493012866107, 5661.887673989747, 4102.1320411053675]
Variances: [124.20078810701285, 25.039499342352368, 51.2677467490668, 134.8127960270564, 26.4836114286201, 190.8560697099964, 151.78945191136404, 111.34581591784922, 169.6452025576804, 53.939948516892144, 184.6257794504898, 179.84605980457863]
Fit: 241.31714285714284
-----------------------------------------------------------------------
Generacion 2
Values: [7550.252591681499, 5073.763946416474, 5064.747219065849, 801.914332101761, 287.7554271278797, 3839.034471314262, 4151.649851820778, 2172.141242535521, 2148.1628081629715, 2753.7493012866107, 5661.887673989747, 4102.1320411053675]
Variances: [124.20078810701285, 25.039499342352368, 51.2677467490668, 134.8127960270564, 26.4836114286201, 190.8560697099964, 151.78945191136404, 111.34581591784922, 169.6452025576804, 53.939948516892144, 184.6257794504898, 179.84605980457863]
Fit: 241.31714285714284
-----------------------------------------------------------------------
Generacion 3
Values: [7550.252591681499, 5073.763946416474, 5064.747219065849, 801.914332101761, 287.7554271278797, 3839.034471314262, 4151.649851820778, 2172.141242535521, 2148.1628081629715, 2753.7493012866107, 5661.887673989747, 4102.1320411053675]
Variances: [124.20078810701285, 25.039499342352368, 51.2677467490668, 134.8127960270564, 26.4836114286201, 190.8560697099964, 151.78945191136404, 111.34581591784922, 169.6452025576804, 53.939948516892144, 184.6257794504898, 179.84605980457863]
Fit: 241.31714285714284
-----------------------------------------------------------------------
