Generacion 1
Values: [212.82134255748747, 2264.3498770266706, 747.0308767213071, 4547.298376549309, 3961.3809092962215, 6997.466370600239, 1678.4879097318, 5888.739522596237, 2655.851145143109, 5658.790373420225, 4953.152723936224, 1017.6932973806138]
Variances: [9.62306356624596, 18.50031709079034, 110.758427551152, 164.50837726492097, 47.40397701585313, 107.10384562279876, 80.13558967624266, 88.64539036876987, 75.96238144905254, 185.04498239494706, 102.65174291084813, 23.561804354701323]
Fit: 637.1285714285714
-----------------------------------------------------------------------
Generacion 2
Values: [225.83372362439133, 2280.1535328530995, 1058.3395389517002, 4428.533964805818, 4008.476152047327, 7139.179355708586, 1665.6821924269118, 5740.550961326459, 2600.2042519077627, 5470.075618408594, 5027.3054203890915, 1043.2444530398006]
Variances: [9.62306356624596, 18.50031709079034, 110.758427551152, 164.50837726492097, 47.40397701585313, 107.10384562279876, 80.13558967624266, 88.64539036876987, 75.96238144905254, 185.04498239494706, 102.65174291084813, 23.561804354701323]
Fit: 262.16285714285715
-----------------------------------------------------------------------
Generacion 3
Values: [225.83372362439133, 2280.1535328530995, 1058.3395389517002, 4428.533964805818, 4008.476152047327, 7139.179355708586, 1665.6821924269118, 5740.550961326459, 2600.2042519077627, 5470.075618408594, 5027.3054203890915, 1043.2444530398006]
Variances: [9.62306356624596, 18.50031709079034, 110.758427551152, 164.50837726492097, 47.40397701585313, 107.10384562279876, 80.13558967624266, 88.64539036876987, 75.96238144905254, 185.04498239494706, 102.65174291084813, 23.561804354701323]
Fit: 262.16285714285715
-----------------------------------------------------------------------
